SEN_0000 -0.0585 0.0009 -0.0089 90.0 268.3 0.0
SEN_0001 -0.0542 0.0007 -0.0219 90.0 268.4 0.0
SEN_0002 -0.0628 0.0010 -0.0349 90.0 268.2 0.0
SEN_0003 -0.0585 0.0009 -0.0479 90.0 268.3 0.0
SEN_0004 -0.0542 0.0007 -0.0609 90.0 268.4 0.0
SEN_0100 -0.0455 0.0005 -0.0089 90.0 268.7 0.0
SEN_0101 -0.0412 0.0004 -0.0219 90.0 268.8 0.0
SEN_0102 -0.0498 0.0006 -0.0349 90.0 268.6 0.0
SEN_0103 -0.0455 0.0005 -0.0479 90.0 268.7 0.0
SEN_0104 -0.0412 0.0004 -0.0609 90.0 268.8 0.0
SEN_0200 -0.0325 0.0003 -0.0089 90.0 269.1 0.0
SEN_0201 -0.0282 0.0002 -0.0219 90.0 269.2 0.0
SEN_0202 -0.0368 0.0003 -0.0349 90.0 268.9 0.0
SEN_0203 -0.0325 0.0003 -0.0479 90.0 269.1 0.0
SEN_0204 -0.0282 0.0002 -0.0609 90.0 269.2 0.0
SEN_0300 -0.0195 0.0001 -0.0089 90.0 269.4 0.0
SEN_0301 -0.0152 0.0001 -0.0219 90.0 269.6 0.0
SEN_0302 -0.0238 0.0001 -0.0349 90.0 269.3 0.0
SEN_0303 -0.0195 0.0001 -0.0479 90.0 269.4 0.0
SEN_0304 -0.0152 0.0001 -0.0609 90.0 269.6 0.0
SEN_0400 -0.0065 0.0000 -0.0089 90.0 269.8 0.0
SEN_0401 -0.0022 0.0000 -0.0219 90.0 269.9 0.0
SEN_0402 -0.0108 0.0000 -0.0349 90.0 269.7 0.0
SEN_0403 -0.0065 0.0000 -0.0479 90.0 269.8 0.0
SEN_0404 -0.0022 0.0000 -0.0609 90.0 269.9 0.0
SEN_0500 0.0065 0.0000 -0.0089 90.0 270.2 0.0
SEN_0501 0.0108 0.0000 -0.0219 90.0 270.3 0.0
SEN_0502 0.0022 0.0000 -0.0349 90.0 270.1 0.0
SEN_0503 0.0065 0.0000 -0.0479 90.0 270.2 0.0
SEN_0504 0.0108 0.0000 -0.0609 90.0 270.3 0.0
SEN_0600 0.0195 0.0001 -0.0089 90.0 270.6 0.0
SEN_0601 0.0238 0.0001 -0.0219 90.0 270.7 0.0
SEN_0602 0.0152 0.0001 -0.0349 90.0 270.4 0.0
SEN_0603 0.0195 0.0001 -0.0479 90.0 270.6 0.0
SEN_0604 0.0238 0.0001 -0.0609 90.0 270.7 0.0
SEN_0700 0.0325 0.0003 -0.0089 90.0 270.9 0.0
SEN_0701 0.0368 0.0003 -0.0219 90.0 271.1 0.0
SEN_0702 0.0282 0.0002 -0.0349 90.0 270.8 0.0
SEN_0703 0.0325 0.0003 -0.0479 90.0 270.9 0.0
SEN_0704 0.0368 0.0003 -0.0609 90.0 271.1 0.0
SEN_0800 0.0455 0.0005 -0.0089 90.0 271.3 0.0
SEN_0801 0.0498 0.0006 -0.0219 90.0 271.4 0.0
SEN_0802 0.0412 0.0004 -0.0349 90.0 271.2 0.0
SEN_0803 0.0455 0.0005 -0.0479 90.0 271.3 0.0
SEN_0804 0.0498 0.0006 -0.0609 90.0 271.4 0.0
SEN_0900 0.0585 0.0009 -0.0089 90.0 271.7 0.0
SEN_0901 0.0628 0.0010 -0.0219 90.0 271.8 0.0
SEN_0902 0.0542 0.0007 -0.0349 90.0 271.6 0.0
SEN_0903 0.0585 0.0009 -0.0479 90.0 271.7 0.0
SEN_0904 0.0628 0.0010 -0.0609 90.0 271.8 0.0
